0 1 1 0
0.1 0.9 0.909671 0.00967075
0.2 0.819983 0.837398 0.0174142
0.3 0.757852 0.781319 0.0234672
0.4 0.711619 0.739659 0.02804
0.5 0.679399 0.710717 0.0313188
0.6 0.659401 0.692871 0.0334695
0.7 0.649926 0.684566 0.0346402
0.8 0.649355 0.684318 0.0349634
0.9 0.656155 0.690713 0.0345581
1 0.668872 0.702404 0.0335314
1.1 0.686132 0.718112 0.0319803
1.2 0.70664 0.736632 0.0299925
1.3 0.729179 0.756827 0.0276479
1.4 0.752617 0.777637 0.0250194
1.5 0.775901 0.798074 0.0221736
1.6 0.79806 0.817231 0.0191713
1.7 0.818211 0.83428 0.0160686
1.8 0.835557 0.848473 0.0129165
1.9 0.849386 0.859148 0.00976195
2 0.859077 0.865725 0.00664782
2.1 0.864099 0.867712 0.00361312
2.2 0.86401 0.864703 0.000693232
2.3 0.858459 0.856379 0.00208
2.4 0.847184 0.842505 0.00467814
2.5 0.830011 0.822935 0.0070761
2.6 0.806858 0.797605 0.00925212
2.7 0.777722 0.766534 0.0111876
2.8 0.742688 0.72982 0.0128674
2.9 0.701918 0.687639 0.0142792
3 0.655651 0.640237 0.0154141
3.1 0.604198 0.587932 0.0162661
3.2 0.547936 0.531104 0.0168325
3.3 0.487305 0.470192 0.0171133
3.4 0.4228 0.405688 0.0171116
3.5 0.354966 0.338133 0.0168331
3.6 0.284391 0.268105 0.0162864
3.7 0.2117 0.196217 0.0154826
3.8 0.137546 0.123111 0.0144352
3.9 0.0626058 0.0494459 0.0131599
4 -0.0124314 -0.024106 0.0116746
4.1 -0.0868685 -0.0968676 0.00999909
4.2 -0.160009 -0.168164 0.00815477
4.3 -0.231166 -0.237331 0.00616456
4.4 -0.299666 -0.303719 0.00405261
4.5 -0.36486 -0.366704 0.00184407
4.6 -0.426127 -0.425691 0.000435159
4.7 -0.482883 -0.480124 0.0027587
4.8 -0.534587 -0.529487 0.00509992
4.9 -0.580745 -0.573313 0.00743223
5 -0.620916 -0.611186 0.00972932
5.1 -0.654716 -0.642751 0.0119654
5.2 -0.681826 -0.667711 0.0141155
5.3 -0.701989 -0.685833 0.0161556
5.4 -0.715017 -0.696954 0.0180632
5.5 -0.720792 -0.700975 0.0198168
5.6 -0.719267 -0.697869 0.0213971
5.7 -0.710467 -0.68768 0.0227864
5.8 -0.694488 -0.67052 0.023969
5.9 -0.6715 -0.646568 0.0249315
6 -0.641738 -0.616075 0.0256628
6.1 -0.605505 -0.579351 0.0261542
6.2 -0.563171 -0.536772 0.0263994
6.3 -0.515163 -0.488768 0.026395
6.4 -0.461965 -0.435826 0.0261397
6.5 -0.404114 -0.378479 0.0256351
6.6 -0.34219 -0.317305 0.0248853
6.7 -0.276817 -0.25292 0.023897
6.8 -0.208651 -0.185971 0.0226791
6.9 -0.138374 -0.117131 0.0212431
7 -0.0666927 -0.04709 0.0196027
7.1 0.0056752 0.0234488 0.0177736
7.2 0.0780046 0.0937782 0.0157736
7.3 0.149571 0.163193 0.0136219
7.4 0.219657 0.230997 0.0113398
7.5 0.287563 0.296512 0.00894941
7.6 0.352606 0.359081 0.0064743
7.7 0.414138 0.418076 0.0039388
7.8 0.471541 0.472909 0.00136788
7.9 0.524241 0.523028 0.00121311
8 0.571711 0.567932 0.00377866
8.1 0.613476 0.607172 0.00630343
8.2 0.649117 0.640355 0.00876244
8.3 0.678278 0.667147 0.0111314
8.4 0.700668 0.687281 0.0133867
8.5 0.716061 0.700555 0.0155062
8.6 0.724304 0.706835 0.0174688
8.7 0.725313 0.706058 0.0192551
8.8 0.719079 0.698231 0.0208473
8.9 0.705662 0.683433 0.0222298
9 0.685198 0.661809 0.0233888
9.1 0.65789 0.633577 0.0243128
9.2 0.624011 0.599018 0.0249927
9.3 0.583899 0.558477 0.0254219
9.4 0.537955 0.512358 0.0255962
9.5 0.486637 0.461123 0.0255138
9.6 0.430458 0.405282 0.0251757
9.7 0.369979 0.345394 0.0245853
9.8 0.305805 0.282057 0.0237486
9.9 0.238577 0.215903 0.022674
10 0.168966 0.147593 0.0213723
